14251576
10434527
15161279
15660028
15039404
19906882
15767642
15317762
15673733
19275910
12192859
14306893
11027112
16263934
10537778
14872281
17373919
12971835
16050234
13515404
18261669
14909918
10964749
19178916
19204668
18183941
16211783
18083755
10618339
10066102
18878593
14762085
16482566
15924515
17988566
14954256
17121168
13182131
16236070
11371794
18027538
15885921
13000228
16187670
19699644
11079497
14612907
17301639
15437028
18001762
17283801
17927471
12447409
10398343
13759057
10519840
13467793
13563582
11171260
17378039
16889089
12972442
15841005
11521280
13799162
19272996
19515716
11736894
15745543
10581995
11006152
18463949
12489667
13703223
19119046
17159663
14471973
18904344
10987169
10491761
18248998
10757306
19197497
18435697
11581862
14069574
13154349
13058449
14611259
17932184
18867933
13885968
19933276
17016042
18576427
12642549
11855128
18089993
16162819
18232489
12215683
18577366
18780003
15899092
13897727
14605721
16638424
19282011
13399751
12951485
11008019
16269954
16038464
13990571
12322572
19204542
12938907
15725805
17634840
10113381
17770682
14196217
10766131
13158370
14503587
15229138
13148985
14288592
13525615
19066271
11841297
12506642
14119492
11246054
18263738
13656119
16644591
19437394
19410973
19093710
11612731
11980629
13131863
18539133
19797153
17792225
18272104
19240210
13404233
16693453
18265865
16260607
16465340
19691008
11765630
11810523
18753961
12846864
15884777
17821581
10927397
14852916
15991401
16063259
19477903
13122881
16085209
17689164
14599498
16074678
18396227
12618032
11064169
13166275
13431941
18566607
14172681
10581130
14233748
19099339
19740429
15015081
12211141
18149182
19710506
13270755
17225049
10485127
15589239
19544020
16878016
11649466
12776264
17835259
11242716
16020220
18107207
11262877
19516114
13673131
11831014
13049734
19371972
11548800
16987463
12574490
11222383
12260726
14065267
15680450
11051087
18224196
12312175
14053177
13974162
13316245
19480893
18046129
12676709
14360149
16068752
18179694
18795714
10435008
16240530
12817683
13744125
14641484
16238625
10744001
19577101
16821365
14190634
14683399
17559592
18955660
11854310
15999852
15288753
11439744
14978869
18965721
13573101
10157542
12842316
10623984
11506490
13539464
14615646
14241396
14078128
17127222
16278945
18056976
12153629
17246790
18124591
19907884
12898572
14023270
11655233
19477507
13854624
19075045
15767286
14115059
11982428
19716330
12372727
13774759
10585932
16164188
12319700
16477848
13166399
15987592
10178715
18871003
14306850
19238571
17479280
12025783
18313540
16368173
15585360
11259141
14726718
13746897
15626059
11189718
18472065
17410424
18875291
10317772
12251785
15403879
15604136
18695034
11875773
17265593
16492376
18949278
19498834
12845993
18391291
10352831
12223331
18793176
18289779
11063154
17127762
10326564
16550734
15390837
10399235
15451475
11610212
16698288
16308057
10049041
19917318
13352124
12745425
19750767
14140507
12672425
10141173
15874317
18473995
10119872
12300807
16532817
15318682
12931795
12893999
19536371
11088048
11241593
14416841
19724180
13960018
16544747
11506774
10229029
14855282
18114671
12567890
18217200
14759711
16086687
11607042
17120664
10189202
12093726
15232493
14657386
19606590
17045944
17319811
10071272
16397983
18141803
10549730
19465811
16817179
12458552
15657609
19054421
14956187
13878681
17941778
11267787
18578039
14778144
12256892
13524796
17531169
12980551
11292424
14537146
11599366
17763693
13495406
11258098
13833101
15219922
16578093
18121763
18946101
16016920
19972786
13144697
17739877
17310670
10747088
16020450
15080981
19180207
18587692
18260412
19551143
19810512
19333013
17241782
19103731
10402177
17174776
19731124
18785642
15282574
19801500
10532466
10030671
16658317
16029766
17364884
18705722
12956789
16982542
10478014
14362183
19157548
11581121
11990532
15237730
14763771
17793859
13370987
17013783
19689560
11942652
16275760
14527409
10454216
13088319
18068738
17212891
18004444
14991576
17863567
11468106
14644142
19948616
17044325
17655144
15514336
14338819
17768341
19001109
14203844
12795323
11006886
13561141
18503834
18597000
17718694
16954321
11902769
11587093
12113521
17067137
13891786
11214200
15914421
18480379
17345696
14541392
18556017
12081746
12352097
13746602
17267460
12175399
14072284
10080695
18398182
12426442
19807094
13579800
13359938
16874930
18807216
12409197
12492854
19898439
11097505
12453907
10005858
13431721
18102930
18580093
18455402
13491556
11039159
14789241
17552585
17130991
13782762
13172677
15463549
17306632
16009371
17961321
13510413
10517165
14296495
11435262
16448829
18388042
16743434
16043476
13937699
13775129
16465004
12099657
16906975
14932142
15848042
13499582
13725152
16023810
17759563
12313636
19408736
18923089
12093479
13363529
16675177
10612217
15504201
10980880
17696713
15709718
13155702
17382208
18362159
19890737
14375365
12080230
12373655
18735236
19280818
17239934
10578124
19689262
15653604
15841739
11516863
12181036
11535886
18417356
18641162
13689618
13628722
11535902
19220251
10528589
15279298
15661706
12290544
10692690
11482371
19174716
18336789
15794853
19789939
13026144
14440399
15272972
16356598
11636293
17866604
16002684
11069032
12684253
13489339
16583153
15882821
11890400
10760601
12523449
13326418
11412896
14349210
18699421
18883892
16143375
11298447
17549036
11838364
12327657
10185295
19270999
16821077
14676637
12464835
14291446
14843510
15969208
13463506
15131866
16860825
17666858
13850138
16376462
16634427
19530208
12979369
15497465
15185911
14395643
15459727
14965904
10783126
19662671
11719149
18351363
14160285
18239223
16296020
17813273
15093583
19945152
18032706
12966535
15783296
16359518
15178275
17071642
12861896
14886128
12630699
11628580
10700818
13956197
11922709
17705371
18399227
13054482
18257010
13537198
18143565
18284271
15985958
18220597
15256165
11846762
18764605
14567136
15338322
17709031
14110658
14500216
19490805
18462894
12740554
11132535
17058694
13022636
14236258
13255348
16824157
16843799
14375041
14175995
14730471
13105954
19403960
16059753
13155461
10872900
16488873
11556480
17475855
13284221
17853148
10252642
18331815
10692761
11301009
18175877
15110728
14942416
17513800
12638327
17633367
19236445
10482710
14117682
12605200
11061669
19528617
18458784
19714975
10623490
13586954
19889187
17875938
11607518
10283824
10801005
17917262
13182485
15217486
18692441
19587093
17348089
12642738
16329513
17963990
14080473
17051420
19460502
18414171
11145433
19644467
13518380
18829312
14648374
15024999
10999782
16014882
15395961
16644849
18471789
16848398
14349132
18952096
10629385
16211857
19965625
18966964
13975682
15566010
16425162
18071815
14222609
12357906
13120246
17418253
15485898
10553278
17729682
15951324
12205939
16907197
13834529
16289079
10139041
15796114
16285574
16347129
19833444
17348929
14912545
10726866
17572630
12903412
14165090
10175407
12663607
14886262
16887907
19236898
19802368
16019230
18572238
19641231
19474826
14867283
13761981
12726647
15974795
18169618
17868868
12535099
12530274
14858957
16082192
17661549
18373522
11587889
10863998
16423028
13174125
10111994
11110287
11733600
19070527
18982622
16883441
15784578
10885927
13823917
12070408
18054898
14109974
11414965
17949077
17788076
13524742
15212137
13587732
11573613
16511540
18040308
19525927
17924925
12414363
17301415
17716906
16514192
10824246
16723151
12378259
19836254
18908920
18625115
15263567
14289289
11649216
13667686
18715044
13119782
18225983
16099802
14999992
15109336
16664189
11616602
18483313
10690270
10449651
12403674
14337604
13810570
19810724
11527061
15023828
11080025
13445572
14387711
18331925
13796836
19196551
18445486
18834270
10199636
19341622
11050568
11970871
14611833
10487493
16421493
14523271
13484453
16901535
13896515
16846280
13209752
12466651
18300138
19515500
16796532
10245522
13022296
17809956
16788749
13629291
13684209
12637999
10371464
12184523
16610754
17296711
16168726
18469591
12269090
12705048
13109270
14531057
18816118
18411556
17494835
11885709
10030579
17050374
15936874
17751247
19396598
18097129
18469116
10185533
12157432
12581385
17803326
18745720
17804425
15793781
15426241
10911869
18054826
10334821
10314883
18425846
17479921
13470305
14451630
14947044
10928921
17569828
16777692
14812418
15098642
11319765
11777413
13902721
11574968
14497265
18347490
14664628
10243987
19646006
14751536
10782515
14933845
11621594
16836285
18847797
12909901
17398208
14260897
17318761
16315920
14350419
11197891
16049275
13910667
11745856
16857974
19123105
16497592
12183811
16086976
16047045
15648420
15962556
14728164
17517809
10502984
15049291
15766849
18203312
17831981
15400576
10870187
13579415
16731670
13853872
15403351
17201223
15998337
10970873
12095781
18758318
13877163
10792661
19703834
17673024
10565203
11324378
13848056
10890793
14924250
14331520
17727623
18332122
12590890
14584019
17919844
16484916
12929983
19427894
19904285
13757265
15640944
18618463
16345529
12516180
10624765
18721155
11370869
13009233
15064102
11962852
13368848
11520144
14263465
14102987
14687959
13177297
13103424
10846750
19834264
10705890
10119094
10252250
18580313
18650885
11140831
17121541
17968028
11873190
11934378
10473247
15688449
15296299
11676834
13302074
19394918
18614569
16967621
10108435
11789573
15184918
14474203
12567918
17577309
17704578
15530621
17257800
12668764
18436961
12072495
10332328
18258847
10036337
19436842
13121825
14642531
16077707
14975184
10152086
10894800
17038707
14656241
19566352
17983244
16047967
12103604
19502402
14291545
13809781
11531380
13388959
14714633
11381290
14340516
15316346
18931099
13788411
11509567
19922600
19338598
15804669
13141248
10985718
19018059
13309555
19479292
16442612
16021821
13925940
18953584
14569274
16962183
10002443
15442918
13949536
17755453
15421081
10811360
18839763
10488401
11433235
19330158
15066105
17805562
10585606
15271336
10404360
10930322
16581153
14089481
13007829
12036298
19375288
16421923
10677907
14717906
10861668
13293910
18011662
19216712
14769795
14714491
12641004
15808996
15466649
13809321
17655401
10871867
17175585
13710922
16971339
12992860
11469391
13650934
16902105
16973923
16710583
15923079
12401826
10152346
13920127
15157650
17278148
17575759
18427192
18726712
10394761
16302128
15021190
13320028
12728207
19078744
18564227
16176652
15825535
13206873
17736183
17405076
13372830
13809707
19224245
12363358
15384049
13188963
12128917
15161099
13273952
11148405
10458345
14306457
13487357
18907598
12137011
18763943
13197098
19209751
16326716
11812196
16639746
11928785
17388108
14328836
17033902
17175250
13935661
18703138
17368467
11162159
11440576
19033798
12340726
10287751
16728825
14759523
11407375
14314499
13178450
11455706
17998115
15145407
19948966
17288874
14554597
14025287
16099392
10165902
17458089
17298799
15546474
17679138
16266233
17287783
12161959
13573314
10817246
13699514
14792353
13395321
18742074
17475241
19615967
19610521
15129288
13798580
17584315
14716808
10312424
15682089
14303757
19631314
19389163
10844468
18256665
12966443
18897917
16630525
13839166
11667430
15517908
18124503
18563813
12511611
15642453
11013572
19647720
10002430
10629866
14446238
17371558
19018625
15114531
17882992
16404707
14290075
17208677
19405088
18145784
11182151
15760282
16237935
12378046
13773301
14800135
17833207
13795113
15845271
10586946
19467748
16701292
12484368
15785813
19657761
18132883
13360168
13431388
16500956
11713961
16837857
18078962
13871099
11652506
16813920
12156452
13503199
13926920
11746829
14264182
10123949
10839295
10585793
16684128
13874577
11154626
15823673
14729643
15095221
10321613
16842605
16235909
13492931
14787680
14477233
12198811
11011609
11897489
12458309
16477871
12618891
14622805
11145445
12989286
14411399
17671565
13113026
15726633
14747544
12016855
16316667
16256599
10059036
17915457
14154424
12302155
18367176
18147209
10175614
18840043
17687223
17206257
18840868
19895035
11262557
14076415
11719178
15821746
15389058
19171699
14284435
13789599
15767906
10305105
19608399
11950671
16196296
19978069
19860038
11844664
18694545
15724469
13372200
15058851
13689685
17458085
16701759
14752241
15022127
12080376
11905508
11369570
14726210
13194374
10856638
19463092
13751884
18642968
19734722
17931543
10036086
12534382
15146455
19368054
16136575
17339556
18765819
17650607
16207082
17508609
16213690
17779678
10154719
19303989
19872263
11951833
17737168
18737453
15259708
10570398
18556385
13470096
16960956
18422749
18286929
11507496
10685213
15375343
16869199
17133133
19884273
11619177
11180281
15874078
17209394
18449391
15189838
17299109
13328141
18570830
17639084
10525591
17043175
15317910
17798298
18275783
10173672
17413659
18435038
10135345
17559880
17885308
17769611
10830288
17584105
15989257
13857381
15563668
19891491
15759378
14790295
18237974
17005222
10431522
10115044
12199686
18989748
19445882
16570488
17337873
18925827
10674011
11255297
11044484
19476551
15566099
13127442
15897875
13565877
18076439
13479459
12551724
10773918
11824101
16617510
14454179
11260983
19292817
11154845
11170658
15859452
17086932
10597581
13772123
11622732
12039963
18440573
19881444
10622931
12246674
19077298
19420059
17129080
19651373
13700862
14217658
15648706
10710610
18822193
11393133
12360661
10163947
16925100
10853778
15781545
18143616
14110458
11258338
17297367
19557342
16517123
13984924
16443311
13490975
14898260
18597646
10515141
10394039
16406473
16482000
10438187
15011724
17456003
19443931
13160119
10415392
10194829
19981210
15902500
11083378
13974024
13193330
12205441
11386290
12975132
15197566
14388085
12787061
17927957
18852313
18809506
19040475
18427803
14720755
11344313
14444869
14853322
13051109
14132282
11816565
17098818
15214688
11031754
11736295
16214121
14459622
11047388
17939339
18071477
13494118
10532177
18335284
19849930
10102878
13822447
16898154
17339400
19706155
15378817
15087570
18816464
17353483
14894978
16305773
11213953
13839943
10265021
14844943
19890310
17496275
15307331
10454455
14864954
13273041
13837158
10439484
14246535
17038709
10947343
14698943
13166135
16007214
16914658
14422845
15954199
11073972
18263240
12031502
15817721
11929373
12921066
14695283
15581286
14424529
19647266
11187857
18654999
12122401
10566658
14830324
15244599
19213022
16122027
18667813
10865237
17199280
16176380
16596498
17686891
10831850
18743510
15639299
14473477
15795663
13619431
15016893
10541741
13631333
18251740
17891951
14465589
11473637
10617740
11101573
15120026
16305060
18161746
19638438
19404921
11523040
13398773
11402775
18166272
10196085
15014371
11281871
15597246
19848209
17098064
10675450
17042538
11123887
12091267
19562831
10313987
15526307
19057404
10367718
16752897
19499421
18277861
11614797
10728002
11226892
14932825
17230821
11943854
14875942
11475050
14944659
10971218
15918578
12026338
19673450
19344229
17123947
16805298
15192208
16850712
14753682
17704194
14217694
14319013
11499182
19612206
14471647
12822277
15127661
10984888
16243418
15472839
18942108
19427719
17049974
12273834
11406846
17585752
19957697
18791731
14799441
14420248
11431685
11268306
10433099
16796953
16142906
10419725
15353133
15364439
14995285
19454978
17596014
11887675
16253470
13268768
11565803
17945042
11268771
19383965
13623375
17175524
19368870
19333579
13521087
12684652
10658484
14400261
13278241
16679562
17257913
13931010
17711632
16729036
15651435
15999575
15210288
17165503
15860528
14362172
12479245
13839794
19815165
15563212
15837552
16026359
19823199
15074797
12165224
16284400
14142794
19007151
14175491
15808626
11938322
17405903
18791407
10914633
16568383
16506454
17504528
15746309
13162333
14800827
11696880
14293244
15439322
19950864
15144601
17257279
19366315
11282208
10935051
13023457
10946723
12724390
12116405
18733600
17508423
18605511
11793270
10345778
17879602
19025743
13601509
19072836
14548384
19702250
16170755
16817210
15936725
12116428
12014405
12928520
10292730
11175973
17927113
14970226
10762309
15395644
19882906
11306899
11857128
11331335
11953908
14266489
10501162
12457907
19014424
13587517
18808798
19281526
10458472
17454400
16352556
12263655
13323378
18962751
18204856
14374967
14069724
18213042
19101434
11498247
15312496
17421190
11763662
17371322
10258564
15177955
18063420
18554289
16573940
16439025
17140440
10822622
19309108
18626398
13363130
10940270
10131753
12122134
11192888
19773902
15034075
12395846
16176594
12623323
12561974
19986589
16319384
11827104
13409628
12093819
14301996
10485425
11551024
17972816
14147787
17763551
19988951
17763085
17005993
10224040
12899707
16992453
17301048
14413277
19131893
18002355
16476462
10801818
19499460
19729296
10196170
18613150
18786116
11205812
13333479
15900124
16551938
12233133
17641497
11577197
10079700
11201942
12873584
15597400
12766917
19963038
14462350
18667869
11144031
19143913
11964069
14610595
15472904
18374033
15351514
16130487
14834029
15731682
10093324
17618022
14385998
14319843
11443415
17868386
11658411
13919890
15866068
17304212
17726248
17685506
17243826
14364536
19915864
13577686
14745919
16905670
10083304
11213168
15343100
19555908
10265482
11878695
13760104
14281088
13134704
13905222
19864597
19915494
13976907
17406160
13274186
13074613
10497215
12416213
19714547
11286059
17887172
11556551
12627613
14782354
16194637
13231528
19670384
14480817
10956506
15289384
13666088
19960353
15610610
11451907
15810018
11372027
13713209
16246237
17966280
18580706
19511095
10096046
12722192
18913336
17804953
11179457
11443554
13182647
17167034
11911618
14302303
18127276
17163650
17337033
19826454
16806163
14499928
12686544
14001548
12465063
19680450
10418763
12620274
10991718
18102151
19186330
16254868
17816264
15860113
14164399
14837224
15383659
11776506
12450853
19372481
13087624
19174686
14953112
18779028
14023296
17176705
14606570
12543250
16550112
18433307
17038541
14613423
14841168
19373075
18120319
12493796
11523342
13096804
13000092
14729536
11158097
16299794
15800088
11408373
14374890
14976326
17726236
19441625
18960713
15386292
19263566
11927178
12186307
17164850
19727446
11723660
15533315
17114936
12901714
16202070
18344237
16383177
14216097
16023137
18060406
18620666
16876797
19165637
13497422
12801935
18214372
14895516
19311189
19246288
16937222
10702864
19852083
19418466
14839423
18956228
12350701
19925605
19447695
19231238
17061894
17673735
10481741
14074196
19261983
17662060
15936024
11827675
16979698
19573527
15345003
10306176
15472165
16819936
16328639
17691344
13751933
16397260
12363919
13515601
13480030
11738939
18782754
17048055
11068734
14379697
19909336
14493876
17735814
12584890
15481590
15097184
14514991
15259110
15911610
18001424
13247300
10842648
13734687
17883913
12712004
17581537
14736831
17490253
14575349
19828784
17835583
11061117
11015757
12117074
16699745
19247588
13361473
13315395
13288757
19146875
13297743
15737550
13088227
11642089
18932705
12843938
19582611
12069536
11811453
12283830
15261136
18218394
17861046
17496576
12871475
13377819
16878577
19818165
10393281
19561674
15650383
18234594
18808099
15256385
16335402
13329049
19644533
17392186
18624822
18806770
17577620
11578346
11501166
11487605
13055103
15515401
12476400
18934111
15215124
14751543
15352109
12264134
15234730
16277550
13755254
10048986
15607351
10405495
11062230
10496439
19307453
13139059
18104115
14719866
17515788
18609495
16230458
18628692
14474277
13684732
16429524
19715663
10096391
14975577
16014838
18011469
14019298
18846360
13856003
10223705
19794649
19629076
13574901
10767527
15744382
14815581
19164956
14769074
18960333
10511344
19973133
15116656
15135171
10636064
18917761
17672672
19634206
15135348
12021215
13521231
13117765
14377067
17531182
18723157
16919015
15959966
19116952
17897160
10338515
16465568
14458041
10231775
18263114
17041592
19950555
13996357
15106501
13592845
17570478
16510917
13731978
17328610
19683768
17510509
16869499
16145193
19511048
13972415
12465457
11312346
12410672
13319252
10257607
13026011
13217145
10838031
18303950
10842401
19103751
17728208
13605251
14983896
19930293
12551447
18031301
14858821
11607177
15176961
19591151
18940803
15890202
19895419
15405218
16158577
18958543
10898129
14264192
18811112
19026398
14940963
17687909
17165960
16673511
16490826
10674383
16511381
14837793
17845979
12725522
16963116
13058568
18866492
19448816
16056736
15551558
11727202
12754002
14782379
18344099
19425623
11970403
14566733
14891723
12116379
18640950
13082914
10177927
13614383
16261619
13947746
17955242
18372408
18001760
18719577
19131119
11998481
19381397
13142606
19486729
17830851
14873634
11920670
17214092
18695188
15277532
17213370
14116888
17892886
12273146
15709393
15503011
17617583
15542804
18574619
19488212
12636277
13128994
16611745
15374860
14857099
17750747
13447604
12749582
19609140
11475817
18603093
12952202
11060909
14918161
14288538
15827276
12440182
16880700
19594577
17851944
10838334
16765423
15616159
19067860
15322290
15199914
13924526
18080005
19310647
16985891
12872850
17608094
16190846
13466153
13893344
10826396
15634321
15646607
16290150
13680284
15454391
12939655
14112944
18377388
19883311
15133460
18490077
16987979
10740981
19199958
10260642
14108484
10859137
11707288
19158527
13516027
10125078
15222998
15559032
16882527
19545914
17609199
13686920
10335328
19548230
15841788
16716950
10198377
14145952
13503209
12470220
18476084
15583474
14948341
18585571
18896252
18988707
15460345
11595895
16557201
13667643
18926021
15906880
16431641
15483051
11463071
12890323
10107943
17369619
12616625
10892549
16166614
11302781
10606965
15450505
19043670
13439236
17615782
13721493
14395990
17451560
16131197
15346951
18563507
18561307
16992997
18302118
19205838
12731441
15996896
10272398
12681553
14668686
14809161
13612416
17037642
10341404
12189597
14853041
19610932
15791567
14618137
15842206
18236282
10448074
10152020
14628971
18417097
16359284
17654504
12433563
16417262
13140205
17219361
19272196
13614978
12748309
15411567
13137266
13211835
17122548
17051517
19793552
12179064
13755199
12458066
17604631
13774741
13072287
18756393
11506908
18958863
19132807
11077090
17371272
10777749
10278097
16131959
16244032
15750785
12135968
12978079
16280373
14296791
10772753
17350587
18331753
14669920
19373540
19997911
14187965
19294159
12882531
14062746
12262009
19876062
16538810
16383777
19219767
16880672
13068461
18906395
11645644
15739777
16769245
18468858
17666690
11560969
14151538
12631727
15340448
18373731
12141075
10199765
15766526
15567300
16851663
16416205
19956148
11004012
16265991
14693488
11606782
17720027
17320567
18081266
13032615
16476300
12415372
13323608
17028437
18869876
19506255
11510580
13089929
17997495
18227061
16703618
13162860
13967837
11661096
10366072
14415385
18830588
17051275
14855203
14295224
15706391
19388095
17359392
19688747
13975799
12482154
19658568
10763460
15151091
12515895
14283373
15307368
14705306
11566520
12249614
14835491
12065081
15764299
10580201
14625316
15808790
18759060
10740388
10858252
15833639
14976911
16869195
12935402
11197408
17506981
19993690
13186016
11647812
12468914
12192842
13201938
15183346
14464861
19461575
19112585
17410542
18487217
12109089
19630679
11269096
13437781
10537770
18618339
18218469
17533744
10911466
16371723
14146667
18742611
19971226
15931087
12793562
19173973
17145830
12881370
13490849
13071041
11189567
10769115
16605099
18535322
17739912
12305504
18139626
14215236
19408205
18809319
15447353
17952773
17827277
12601251
18568321
14925150
18683329
12554980
19055221
11990568
14138563
10482648
19362916
16714479
10266554
16644486
13149676
17550708
19077157
17887835
13620446
17871331
18951772
12267377
19859745
12993146
14072504
14684855
19774037
12079042
13944711
15416942
15846185
17728504
11702147
10200310
19384482
18539270
18506623
13096970
19740765
10652716
18136989
15078964
19395626
14853484
14168984
13057766
16543938
16766491
15602488
12790721
12541963
11801666
16508561
10488182
14972833
10563076
18852614
12882295
19535511
16919860
13771749
15392906
12765863
15968244
12333740
14906005
15967061
14201843
14030950
18548313
16388191
16392389
17246870
10277119
17913118
16026637
17525478
18996358
13702727
12517435
18574702
12788223
11628624
17866544
19784487
16790235
13685719
18450704
19411696
13716502
16327329
11515132
17419409
13233424
11147987
16797737
11026162
16647862
10891610
19952161
18295980
15246626
13827006
10153680
13655825
13492756
12237156
13427662
12601669
15306066
15330926
17160841
11695920
14623286
14208784
14699221
10238519
19036076
12205006
16474309
13060251
13119380
13608162
16744917
18649999
17047493
15338327
12423273
15469162
19800206
18863946
18111015
12493543
17666147
15630071
11185076
18067253
15633577
15461582
19779355
19982989
17458908
10379879
12388372
19635799
15690862
13938133
15570563
14470177
17258370
19349235
14120955
18106646
13215341
18260420
10510992
14896830
18487334
13035200
18193563
10110724
16119949
14745362
17685971
14842712
13525396
15646259
15916392
11052273
15098876
13015064
11734091
18387406
11417954
12988872
18647649
12422297
11985034
10172240
10020306
13230528
13133751
13940027
19771635
17597553
12486272
16184947
11139595
12354194
15275519
10996527
12914892
17044572
19390187
15788134
17088866
13862689
13821344
10456768
13410644
14687805
10239721
18860170
11560443
17567845
11132397
14311522
17157310
16659583
13438816
15335760
13552562
16271251
14583313
19442542
13099019
18400750
17716953
18380697
12688262
19088431
18316605
11913838
13291750
17846441
11614496
15333261
12927223
14696276
15465960
16895076
19985730
18040874
19177604
12309728
16195914
11549712
10902267
14294356
18471035
19156595
18936064
19820563
17192929
18344688
17923421
16745718
11550175
16487320
17920744
12776271
15182584
19380042
17635921
12282676
19828387
17543317
15047314
15511577
11505343
11155620
18767957
17729814
13044775
17994721
10937593
14371040
12168281
18473541
18201772
18848589
19759233
17370302
19143400
15279481
13475033
10495817
17836770
16815365
13029568
11235290
11644908
19055450
17361720
13199189
15528972
17822878
11973788
13674306
11576712
16636882
18367623
17407108
19197438
19396070
15453340
17291000
17239668
17157903
13977634
13414140
14608496
18363195
16552117
13014961
13199088
17680447
10130348
11364933
17060897
12162143
10577788
14421449
19759687
19497553
11484651
18315721
11803134
10380780
12151259
17013168
11922236
17243157
15376117
14648266
12273326
13258862
10012438
14809968
14889902
16939016
19066200
18418794
15457032
12135860
18859040
16203923
14503885
13885606
15940051
16391786
12316135
14312034
12956096
18561321
15385535
15907903
13242359
11235666
18009748
15934484
14518163
17891678
10203235
19017438
18096479
19322801
15127408
15360405
17056490
15435099
13609416
18354402
13500096
12875046
19234537
14413530
14474403
18902344
10036821
12492399
10252385
12576058
16169857
16881829
14431508
11883465
18659821
19772013
16503587
18522547
12858160
11840874
11686774
13596804
15849251
19960823
19561832
15196770
15592981
12091911
10856833
11490051
11029146
17245356
11368047
17747028
19159386
19048348
15653585
15349556
13673478
13136308
10795168
16845461
13873041
18520804
11488490
10087189
14516359
19837705
14901640
17055622
19768962
16198992
19381831
14568429
10355595
10563995
16940456
16089477
14434519
14701347
10065361
14475125
13991166
13853237
13709814
18614973
10113778
18936378
19062366
17129174
15055331
16214851
13103387
12772353
15317213
19522293
12669627
19267602
17495117
12390274
18165773
14661688
10047727
17859848
12634070
11963376
11756433
11381324
16298181
11539363
19659879
15063286
16174481
10834132
12285262
13695141
15026237
11531320
14452964
17548969
10993119
14686096
17454817
10159588
15035666
15949804
11257424
14354502
15684247
14562621
18088903
17790933
10453037
12774422
16231211
17125667
18581007
13323018
10430776
12382393
18522989
19130551
15622839
13894146
11720931
11992653
10649588
10224816
16547560
18928863
10406570
12438703
12810399
12136629
15897528
11616264
16704688
11994782
15820273
16957952
10317165
12665443
13871345
11469226
17583501
16419006
15959797
18300044
10249554
18817036
18930529
16703035
11654447
14253680
16802974
15878511
19606573
18867051
11224404
15731508
16836745
17252474
18550419
14431695
13438225
18254959
11390252
17147107
16292555
16817397
14737220
11659626
18616832
19489045
18475390
14744223
14234249
13783063
12330397
19269172
10459005
13887214
10046592
11278180
16952540
12203156
15295718
16861949
13281196
12805493
15138264
12436444
11154271
19404225
15406736
19242179
15446133
13827336
18187193
11959523
10374205
11867222
15121933
10359697
10879260
18268376
13356514
11752085
17921791
19120458
12658758
12899810
13885616
16226845
19300724
12603956
10175330
15250909
11875736
15390344
19487561
10102250
18652728
11107643
18362372
18180711
15244957
19320735
13903141
17265632
19316364
18863915
17089559
11598746
17055745
12972749
18992115
14636332
17519684
15410435
18818476
11725389
18799419
12981204
17210935
14766871
13657991
15051766
15829037
10365870
11921191
19268769
10142884
15980434
17846594
10966093
16027768
11307142
14740881
18488016
11342314
19297751
19679141
13259541
13525800
17871820
19618591
14654449
12881887
12084001
17506084
18263663
12185360
10107664
10233845
10445331
14206447
17701147
11609657
11699665
19826220
14810850
17147355
10659015
17343925
10362228
11017406
10784943
19406009
16860151
15333210
17159827
19248660
17527360
15462303
11570475
10523831
11476759
18449692
14021677
11049019
13085383
19312439
12515381
19817441
10024120
10643269
13094477
16124923
16553329
19962972
17451443
17751905
15489083
16603493
19773436
13471890
10804034
16439511
13271417
16479476
11725800
10835819
18058181
13591121
13326315
13397752
17295261
14543908
18623996
18020891
12750648
18520744
15593319
16171489
10052047
11499722
16400088
19155768
11184108
14912045
11182724
10750562
13961598
16265665
17754296
19973580
12647760
12163533
17434433
19126489
10910797
15227574
19027745
12075729
16979799
13679831
11508277
15568901
19915856
11751250
18785238
10329858
13170917
15069337
12238208
11139452
15410575
16453493
19676697
14395135
16879269
16049418
18049600
17062648
10911756
16038683
15121738
11951843
17897519
18223539
11776113
17910839
12025093
19869575
17732708
10921358
19321088
12145339
12776966
10296929
10758368
12391254
17888506
13309020
12605991
11818101
18706896
15973356
13333387
13184772
16678478
13380954
11559338
17130229
15020369
11942551
14378198
17661127
15824992
12743572
16677729
14141868
14265648
13038872
12729405
11353308
15606311
12496955
14154572
15074136
13041224
16329288
14833603
15525793
12700169
15456009
14405652
15235072
10330431
16455607
15285988
13627620
10789173
19935244
19851383
18528081
12606407
12553784
12938222
11188745
17986157
13001524
11658675
15816940
18613232
14814865
10247225
15749149
14505527
10857415
18939552
14689206
10910365
14037222
11319259
14984901
19119896
12572699
13613784
13240991
16862165
19156989
17275231
11797467
11742305
17705027
14007681
12673755
13734962
13906770
13026554
19958251
13367998
13588863
15350671
14656366
10946421
18510364
19557745
15742646
18806086
19854363
12015747
10497097
15455515
11622905
16271197
10517939
16032918
12182110
18140189
18573443
16095948
14734397
10940509
11606982
19166734
12357280
19617858
15549083
19527573
11046365
11824773
13511499
15619946
15561008
11810174
19573671
19509298
18540801
17620904
19696359
15438777
14376861
10824358
13860987
12847980
13429444
19606739
18691376
15178427
17430520
18885037
10141559
17865372
12697173
10790436
19476485
18348985
19812073
11397675
12107559
14304779
18743637
16893353
12841802
10774619
19303466
17193592
14732249
11863782
15662564
19042432
12701216
16929317
13707062
16599536
13202987
18803688
16110520
17170624
16843758
12720831
17910149
10207998
11225543
17147859
12571555
17229045
17750991
11773978
15249553
11304483
18814172
17828220
12534851
12390079
17188112
14128850
13989069
17566649
14036332
15123572
13795994
13047349
14504848
18521700
11098660
11144021
11190818
14611628
10269308
15142667
15961343
15399765
17863255
12796689
17376813
18287972
16267899
18689459
19403047
16441563
14033331
18538606
19104086
10948465
12433059
19097156
10656938
10434107
13596743
13530213
16637965
16233404
12746282
16399661
16955674
18505529
17947312
18032165
12826995
17232262
12270378
11922514
11202762
11631220
18669476
18779246
13205443
14031588
19464832
16086890
14241359
11118096
15755260
15563159
11528715
16343571
17983771
15583872
11869424
16221250
18919567
12325110
13390728
18763864
17577912
14959591
15039521
16860292
14830342
12911421
11770234
12173387
15895542
14605415
10474765
19991135
17659280
19824879
12281567
12188264
11466863
10324973
10822370
12119271
19806918
16586936
11787818
18425275
14350079
12532484
13164695
17499049
14636822
15691214
13336171
10711182
16447246
17777365
12373565
13719735
13296018
15642882
17176505
10282467
15616678
16614096
18104160
15281344
11736779
18883340
13049201
13801334
14191181
14573273
10513104
18021792
14724438
11253241
11531498
18510534
11941997
15056003
18629026
19886174
17529736
15978388
14029474
14563230
13155984
14940263
12117555
13114850
18824594
19622547
15477975
10986697
14331855
14945774
16722759
12904315
12960693
18175725
11725719
15383975
18275831
13329099
15990037
14286519
16993418
16162028
17499915
17295925
13454746
11316569
12709553
17928190
16976208
11992836
19831551
10982759
19638540
17365598
12024666
16261977
11474065
12660752
19149281
